#Quantes vegades vols fer f(x)?
#Quin vols que sigui el pas?
#quin vols que sigui h?
0.000000e+00 0.000000e+00 1.592010e+01 0.000000e+00 3.969000e+01
1.000000e-03 1.584079e-02 1.576160e+01 3.896010e-02 3.823612e+01
2.000000e-03 3.152345e-02 1.560386e+01 7.648396e-02 3.681742e+01
3.000000e-03 4.704875e-02 1.544688e+01 1.126064e-01 3.543326e+01
4.000000e-03 6.241745e-02 1.529065e+01 1.473618e-01 3.408304e+01
5.000000e-03 7.763031e-02 1.513518e+01 1.807836e-01 3.276614e+01
6.000000e-03 9.268807e-02 1.498047e+01 2.129050e-01 3.148196e+01
7.000000e-03 1.075915e-01 1.482651e+01 2.437583e-01 3.022990e+01
8.000000e-03 1.223413e-01 1.467330e+01 2.733753e-01 2.900939e+01
9.000000e-03 1.369384e-01 1.452084e+01 3.017874e-01 2.781984e+01
1.000000e-02 1.513833e-01 1.436913e+01 3.290251e-01 2.666068e+01
1.100000e-02 1.656769e-01 1.421817e+01 3.551187e-01 2.553135e+01
1.200000e-02 1.798199e-01 1.406795e+01 3.800976e-01 2.443130e+01
1.300000e-02 1.938130e-01 1.391848e+01 4.039908e-01 2.335997e+01
1.400000e-02 2.076571e-01 1.376975e+01 4.268269e-01 2.231684e+01
1.500000e-02 2.213528e-01 1.362176e+01 4.486337e-01 2.130136e+01
1.600000e-02 2.349008e-01 1.347451e+01 4.694387e-01 2.031302e+01
1.700000e-02 2.483020e-01 1.332799e+01 4.892686e-01 1.935129e+01
1.800000e-02 2.615571e-01 1.318222e+01 5.081500e-01 1.841567e+01
1.900000e-02 2.746667e-01 1.303717e+01 5.261085e-01 1.750566e+01
2.000000e-02 2.876317e-01 1.289287e+01 5.431696e-01 1.662075e+01
2.100000e-02 3.004527e-01 1.274929e+01 5.593582e-01 1.576046e+01
2.200000e-02 3.131305e-01 1.260644e+01 5.746986e-01 1.492432e+01
2.300000e-02 3.256658e-01 1.246433e+01 5.892147e-01 1.411183e+01
2.400000e-02 3.380594e-01 1.232293e+01 6.029300e-01 1.332254e+01
2.500000e-02 3.503119e-01 1.218227e+01 6.158674e-01 1.255599e+01
2.600000e-02 3.624242e-01 1.204233e+01 6.280494e-01 1.181171e+01
2.700000e-02 3.743968e-01 1.190311e+01 6.394981e-01 1.108927e+01
2.800000e-02 3.862306e-01 1.176461e+01 6.502351e-01 1.038822e+01
2.900000e-02 3.979263e-01 1.162684e+01 6.602815e-01 9.708131e+00
3.000000e-02 4.094845e-01 1.148978e+01 6.696582e-01 9.048566e+00
3.100000e-02 4.209061e-01 1.135343e+01 6.783854e-01 8.409107e+00
3.200000e-02 4.321916e-01 1.121781e+01 6.864830e-01 7.789338e+00
3.300000e-02 4.433419e-01 1.108289e+01 6.939705e-01 7.188850e+00
3.400000e-02 4.543576e-01 1.094869e+01 7.008670e-01 6.607239e+00
3.500000e-02 4.652395e-01 1.081520e+01 7.071911e-01 6.044108e+00
3.600000e-02 4.759883e-01 1.068241e+01 7.129612e-01 5.499065e+00
3.700000e-02 4.866046e-01 1.055034e+01 7.181951e-01 4.971725e+00
3.800000e-02 4.970892e-01 1.041897e+01 7.229104e-01 4.461709e+00
3.900000e-02 5.074428e-01 1.028830e+01 7.271242e-01 3.968642e+00
4.000000e-02 5.176660e-01 1.015834e+01 7.308532e-01 3.492156e+00
4.100000e-02 5.277597e-01 1.002908e+01 7.341139e-01 3.031889e+00
4.200000e-02 5.377244e-01 9.900515e+00 7.369223e-01 2.587485e+00
4.300000e-02 5.475609e-01 9.772651e+00 7.392941e-01 2.158591e+00
4.400000e-02 5.572699e-01 9.645484e+00 7.412445e-01 1.744864e+00
4.500000e-02 5.668521e-01 9.519012e+00 7.427887e-01 1.345961e+00
4.600000e-02 5.763082e-01 9.393234e+00 7.439413e-01 9.615486e-01
4.700000e-02 5.856388e-01 9.268148e+00 7.447166e-01 5.912970e-01
4.800000e-02 5.948447e-01 9.143753e+00 7.451285e-01 2.348818e-01
4.900000e-02 6.039266e-01 9.020046e+00 7.451908e-01 -1.080161e-01
5.000000e-02 6.128850e-01 8.897027e+00 7.449169e-01 -4.377106e-01
5.100000e-02 6.217208e-01 8.774695e+00 7.443197e-01 -7.545107e-01
5.200000e-02 6.304347e-01 8.653046e+00 7.434120e-01 -1.058720e+00
5.300000e-02 6.390272e-01 8.532081e+00 7.422064e-01 -1.350638e+00
5.400000e-02 6.474991e-01 8.411797e+00 7.407148e-01 -1.630558e+00
5.500000e-02 6.558510e-01 8.292194e+00 7.389491e-01 -1.898770e+00
5.600000e-02 6.640837e-01 8.173268e+00 7.369210e-01 -2.155558e+00
5.700000e-02 6.721978e-01 8.055019e+00 7.346417e-01 -2.401201e+00
5.800000e-02 6.801939e-01 7.937446e+00 7.321223e-01 -2.635975e+00
5.900000e-02 6.880729e-01 7.820547e+00 7.293733e-01 -2.860149e+00
6.000000e-02 6.958352e-01 7.704320e+00 7.264054e-01 -3.073990e+00
6.100000e-02 7.034817e-01 7.588763e+00 7.232287e-01 -3.277758e+00
6.200000e-02 7.110130e-01 7.473876e+00 7.198532e-01 -3.471711e+00
6.300000e-02 7.184297e-01 7.359657e+00 7.162885e-01 -3.656101e+00
6.400000e-02 7.257325e-01 7.246104e+00 7.125441e-01 -3.831176e+00
6.500000e-02 7.329221e-01 7.133215e+00 7.086291e-01 -3.997179e+00
6.600000e-02 7.399992e-01 7.020990e+00 7.045526e-01 -4.154350e+00
6.700000e-02 7.469643e-01 6.909427e+00 7.003233e-01 -4.302924e+00
6.800000e-02 7.538183e-01 6.798523e+00 6.959496e-01 -4.443132e+00
6.900000e-02 7.605616e-01 6.688278e+00 6.914398e-01 -4.575201e+00
7.000000e-02 7.671950e-01 6.578690e+00 6.868018e-01 -4.699354e+00
7.100000e-02 7.737192e-01 6.469758e+00 6.820436e-01 -4.815810e+00
7.200000e-02 7.801348e-01 6.361480e+00 6.771727e-01 -4.924784e+00
7.300000e-02 7.864424e-01 6.253854e+00 6.721965e-01 -5.026486e+00
7.400000e-02 7.926427e-01 6.146879e+00 6.671221e-01 -5.121124e+00
7.500000e-02 7.987364e-01 6.040554e+00 6.619565e-01 -5.208902e+00
7.600000e-02 8.047240e-01 5.934876e+00 6.567065e-01 -5.290018e+00
7.700000e-02 8.106063e-01 5.829845e+00 6.513786e-01 -5.364670e+00
7.800000e-02 8.163839e-01 5.725459e+00 6.459792e-01 -5.433048e+00
7.900000e-02 8.220575e-01 5.621716e+00 6.405146e-01 -5.495341e+00
8.000000e-02 8.276276e-01 5.518615e+00 6.349905e-01 -5.551736e+00
8.100000e-02 8.330949e-01 5.416154e+00 6.294130e-01 -5.602412e+00
8.200000e-02 8.384601e-01 5.314332e+00 6.237876e-01 -5.647548e+00
8.300000e-02 8.437238e-01 5.213147e+00 6.181197e-01 -5.687319e+00
8.400000e-02 8.488866e-01 5.112598e+00 6.124146e-01 -5.721895e+00
8.500000e-02 8.539492e-01 5.012683e+00 6.066776e-01 -5.751446e+00
8.600000e-02 8.589122e-01 4.913401e+00 6.009134e-01 -5.776134e+00
8.700000e-02 8.637762e-01 4.814750e+00 5.951269e-01 -5.796121e+00
8.800000e-02 8.685419e-01 4.716729e+00 5.893226e-01 -5.811566e+00
8.900000e-02 8.732099e-01 4.619335e+00 5.835052e-01 -5.822622e+00
9.000000e-02 8.777808e-01 4.522569e+00 5.776788e-01 -5.829443e+00
9.100000e-02 8.822552e-01 4.426427e+00 5.718477e-01 -5.832176e+00
9.200000e-02 8.866338e-01 4.330909e+00 5.660158e-01 -5.830967e+00
9.300000e-02 8.909172e-01 4.236013e+00 5.601870e-01 -5.825958e+00
9.400000e-02 8.951061e-01 4.141737e+00 5.543651e-01 -5.817290e+00
9.500000e-02 8.992009e-01 4.048080e+00 5.485536e-01 -5.805098e+00
9.600000e-02 9.032024e-01 3.955041e+00 5.427560e-01 -5.789517e+00
9.700000e-02 9.071112e-01 3.862617e+00 5.369757e-01 -5.770677e+00
9.800000e-02 9.109279e-01 3.770808e+00 5.312157e-01 -5.748707e+00
9.900000e-02 9.146530e-01 3.679612e+00 5.254792e-01 -5.723731e+00
1.000000e-01 9.182873e-01 3.589027e+00 5.197692e-01 -5.695873e+00
1.010000e-01 9.218313e-01 3.499052e+00 5.140884e-01 -5.665252e+00
1.020000e-01 9.252856e-01 3.409686e+00 5.084396e-01 -5.631985e+00
1.030000e-01 9.286509e-01 3.320926e+00 5.028253e-01 -5.596188e+00
1.040000e-01 9.319276e-01 3.232771e+00 4.972480e-01 -5.557972e+00
1.050000e-01 9.351166e-01 3.145220e+00 4.917101e-01 -5.517447e+00
1.060000e-01 9.382183e-01 3.058271e+00 4.862139e-01 -5.474719e+00
1.070000e-01 9.412333e-01 2.971922e+00 4.807614e-01 -5.429893e+00
1.080000e-01 9.441623e-01 2.886173e+00 4.753547e-01 -5.383071e+00
1.090000e-01 9.470059e-01 2.801022e+00 4.699959e-01 -5.334354e+00
1.100000e-01 9.497646e-01 2.716466e+00 4.646866e-01 -5.283837e+00
1.110000e-01 9.524390e-01 2.632506e+00 4.594288e-01 -5.231617e+00
1.120000e-01 9.550298e-01 2.549138e+00 4.542239e-01 -5.177786e+00
1.130000e-01 9.575375e-01 2.466361e+00 4.490737e-01 -5.122433e+00
1.140000e-01 9.599627e-01 2.384175e+00 4.439795e-01 -5.065649e+00
1.150000e-01 9.623060e-01 2.302577e+00 4.389428e-01 -5.007517e+00
1.160000e-01 9.645681e-01 2.221566e+00 4.339649e-01 -4.948123e+00
1.170000e-01 9.667494e-01 2.141141e+00 4.290470e-01 -4.887548e+00
1.180000e-01 9.688505e-01 2.061299e+00 4.241902e-01 -4.825872e+00
1.190000e-01 9.708722e-01 1.982040e+00 4.193956e-01 -4.763172e+00
1.200000e-01 9.728148e-01 1.903361e+00 4.146642e-01 -4.699523e+00
1.210000e-01 9.746791e-01 1.825262e+00 4.099968e-01 -4.635000e+00
1.220000e-01 9.764655e-01 1.747741e+00 4.053944e-01 -4.569673e+00
1.230000e-01 9.781747e-01 1.670796e+00 4.008577e-01 -4.503613e+00
1.240000e-01 9.798073e-01 1.594425e+00 3.963874e-01 -4.436887e+00
1.250000e-01 9.813638e-01 1.518628e+00 3.919842e-01 -4.369561e+00
1.260000e-01 9.828447e-01 1.443403e+00 3.876485e-01 -4.301698e+00
1.270000e-01 9.842508e-01 1.368748e+00 3.833809e-01 -4.233362e+00
1.280000e-01 9.855824e-01 1.294661e+00 3.791819e-01 -4.164613e+00
1.290000e-01 9.868403e-01 1.221141e+00 3.750518e-01 -4.095508e+00
1.300000e-01 9.880249e-01 1.148188e+00 3.709910e-01 -4.026105e+00
1.310000e-01 9.891369e-01 1.075798e+00 3.669997e-01 -3.956460e+00
1.320000e-01 9.901767e-01 1.003970e+00 3.630781e-01 -3.886626e+00
1.330000e-01 9.911450e-01 9.327041e-01 3.592265e-01 -3.816654e+00
1.340000e-01 9.920423e-01 8.619973e-01 3.554448e-01 -3.746595e+00
1.350000e-01 9.928692e-01 7.918485e-01 3.517333e-01 -3.676498e+00
1.360000e-01 9.936262e-01 7.222561e-01 3.480918e-01 -3.606409e+00
1.370000e-01 9.943139e-01 6.532187e-01 3.445205e-01 -3.536375e+00
1.380000e-01 9.949328e-01 5.847346e-01 3.410191e-01 -3.466440e+00
1.390000e-01 9.954835e-01 5.168024e-01 3.375875e-01 -3.396646e+00
1.400000e-01 9.959666e-01 4.494206e-01 3.342257e-01 -3.327034e+00
1.410000e-01 9.963825e-01 3.825876e-01 3.309334e-01 -3.257644e+00
1.420000e-01 9.967319e-01 3.163019e-01 3.277103e-01 -3.188514e+00
1.430000e-01 9.970153e-01 2.505619e-01 3.245563e-01 -3.119682e+00
1.440000e-01 9.972332e-01 1.853663e-01 3.214709e-01 -3.051182e+00
1.450000e-01 9.973862e-01 1.207133e-01 3.184538e-01 -2.983050e+00
1.460000e-01 9.974748e-01 5.660153e-02 3.155046e-01 -2.915318e+00
1.470000e-01 9.974996e-01 -6.970560e-03 3.126230e-01 -2.848018e+00
1.480000e-01 9.974611e-01 -7.000450e-02 3.098084e-01 -2.781180e+00
1.490000e-01 9.973598e-01 -1.325018e-01 3.070605e-01 -2.714834e+00
1.500000e-01 9.971963e-01 -1.944640e-01 3.043786e-01 -2.649007e+00
1.510000e-01 9.969710e-01 -2.558926e-01 3.017623e-01 -2.583727e+00
1.520000e-01 9.966847e-01 -3.167892e-01 2.992110e-01 -2.519019e+00
1.530000e-01 9.963376e-01 -3.771553e-01 2.967240e-01 -2.454907e+00
1.540000e-01 9.959305e-01 -4.369923e-01 2.943009e-01 -2.391415e+00
1.550000e-01 9.954638e-01 -4.963019e-01 2.919410e-01 -2.328566e+00
1.560000e-01 9.949381e-01 -5.550855e-01 2.896436e-01 -2.266380e+00
1.570000e-01 9.943538e-01 -6.133446e-01 2.874080e-01 -2.204878e+00
1.580000e-01 9.937116e-01 -6.710809e-01 2.852336e-01 -2.144078e+00
1.590000e-01 9.930118e-01 -7.282958e-01 2.831196e-01 -2.084000e+00
1.600000e-01 9.922552e-01 -7.849908e-01 2.810653e-01 -2.024660e+00
1.610000e-01 9.914420e-01 -8.411675e-01 2.790700e-01 -1.966074e+00
1.620000e-01 9.905730e-01 -8.968274e-01 2.771329e-01 -1.908258e+00
1.630000e-01 9.896485e-01 -9.519720e-01 2.752533e-01 -1.851226e+00
1.640000e-01 9.886692e-01 -1.006603e+00 2.734302e-01 -1.794991e+00
1.650000e-01 9.876355e-01 -1.060721e+00 2.716630e-01 -1.739567e+00
1.660000e-01 9.865479e-01 -1.114329e+00 2.699508e-01 -1.684963e+00
1.670000e-01 9.854070e-01 -1.167428e+00 2.682928e-01 -1.631192e+00
1.680000e-01 9.842133e-01 -1.220019e+00 2.666881e-01 -1.578264e+00
1.690000e-01 9.829672e-01 -1.272104e+00 2.651360e-01 -1.526187e+00
1.700000e-01 9.816692e-01 -1.323684e+00 2.636355e-01 -1.474970e+00
1.710000e-01 9.803200e-01 -1.374762e+00 2.621858e-01 -1.424620e+00
1.720000e-01 9.789199e-01 -1.425337e+00 2.607860e-01 -1.375145e+00
1.730000e-01 9.774694e-01 -1.475413e+00 2.594352e-01 -1.326550e+00
1.740000e-01 9.759692e-01 -1.524990e+00 2.581326e-01 -1.278842e+00
1.750000e-01 9.744196e-01 -1.574070e+00 2.568772e-01 -1.232024e+00
1.760000e-01 9.728212e-01 -1.622655e+00 2.556682e-01 -1.186100e+00
1.770000e-01 9.711745e-01 -1.670745e+00 2.545047e-01 -1.141074e+00
1.780000e-01 9.694799e-01 -1.718344e+00 2.533858e-01 -1.096949e+00
1.790000e-01 9.677380e-01 -1.765451e+00 2.523105e-01 -1.053727e+00
1.800000e-01 9.659492e-01 -1.812069e+00 2.512780e-01 -1.011409e+00
1.810000e-01 9.641140e-01 -1.858199e+00 2.502874e-01 -9.699955e-01
1.820000e-01 9.622329e-01 -1.903843e+00 2.493377e-01 -9.294873e-01
1.830000e-01 9.603065e-01 -1.949002e+00 2.484281e-01 -8.898840e-01
1.840000e-01 9.583351e-01 -1.993678e+00 2.475576e-01 -8.511846e-01
1.850000e-01 9.563193e-01 -2.037872e+00 2.467254e-01 -8.133877e-01
1.860000e-01 9.542595e-01 -2.081586e+00 2.459306e-01 -7.764914e-01
1.870000e-01 9.521563e-01 -2.124821e+00 2.451722e-01 -7.404931e-01
1.880000e-01 9.500100e-01 -2.167579e+00 2.444493e-01 -7.053899e-01
1.890000e-01 9.478213e-01 -2.209861e+00 2.437611e-01 -6.711785e-01
1.900000e-01 9.455905e-01 -2.251670e+00 2.431066e-01 -6.378547e-01
1.910000e-01 9.433181e-01 -2.293005e+00 2.424851e-01 -6.054144e-01
1.920000e-01 9.410046e-01 -2.333870e+00 2.418955e-01 -5.738526e-01
1.930000e-01 9.386505e-01 -2.374265e+00 2.413371e-01 -5.431642e-01
1.940000e-01 9.362562e-01 -2.414192e+00 2.408089e-01 -5.133434e-01
1.950000e-01 9.338223e-01 -2.453652e+00 2.403101e-01 -4.843842e-01
1.960000e-01 9.313491e-01 -2.492648e+00 2.398398e-01 -4.562803e-01
1.970000e-01 9.288371e-01 -2.531180e+00 2.393973e-01 -4.290247e-01
1.980000e-01 9.262869e-01 -2.569250e+00 2.389815e-01 -4.026103e-01
1.990000e-01 9.236988e-01 -2.606859e+00 2.385918e-01 -3.770296e-01
2.000000e-01 9.210733e-01 -2.644010e+00 2.382272e-01 -3.522748e-01
2.010000e-01 9.184109e-01 -2.680704e+00 2.378869e-01 -3.283375e-01
2.020000e-01 9.157121e-01 -2.716941e+00 2.375702e-01 -3.052094e-01
2.030000e-01 9.129772e-01 -2.752725e+00 2.372763e-01 -2.828816e-01
2.040000e-01 9.102068e-01 -2.788055e+00 2.370042e-01 -2.613451e-01
2.050000e-01 9.074012e-01 -2.822935e+00 2.367533e-01 -2.405904e-01
2.060000e-01 9.045610e-01 -2.857364e+00 2.365228e-01 -2.206080e-01
2.070000e-01 9.016866e-01 -2.891345e+00 2.363118e-01 -2.013880e-01
2.080000e-01 8.987785e-01 -2.924880e+00 2.361197e-01 -1.829202e-01
2.090000e-01 8.958370e-01 -2.957970e+00 2.359457e-01 -1.651942e-01
2.100000e-01 8.928627e-01 -2.990616e+00 2.357891e-01 -1.481995e-01
2.110000e-01 8.898559e-01 -3.022819e+00 2.356491e-01 -1.319253e-01
2.120000e-01 8.868172e-01 -3.054583e+00 2.355250e-01 -1.163605e-01
2.130000e-01 8.837469e-01 -3.085907e+00 2.354162e-01 -1.014939e-01
2.140000e-01 8.806455e-01 -3.116793e+00 2.353218e-01 -8.731426e-02
2.150000e-01 8.775135e-01 -3.147244e+00 2.352413e-01 -7.380988e-02
2.160000e-01 8.743512e-01 -3.177260e+00 2.351740e-01 -6.096908e-02
2.170000e-01 8.711591e-01 -3.206843e+00 2.351191e-01 -4.877998e-02
2.180000e-01 8.679377e-01 -3.235995e+00 2.350762e-01 -3.723056e-02
2.190000e-01 8.646873e-01 -3.264717e+00 2.350445e-01 -2.630866e-02
2.200000e-01 8.614084e-01 -3.293010e+00 2.350234e-01 -1.600199e-02
2.210000e-01 8.581014e-01 -3.320877e+00 2.350123e-01 -6.298138e-03
2.220000e-01 8.547668e-01 -3.348318e+00 2.350106e-01 2.815408e-03
2.230000e-01 8.514049e-01 -3.375335e+00 2.350177e-01 1.135127e-02
2.240000e-01 8.480162e-01 -3.401931e+00 2.350331e-01 1.932215e-02
2.250000e-01 8.446012e-01 -3.428105e+00 2.350562e-01 2.674087e-02
2.260000e-01 8.411602e-01 -3.453860e+00 2.350864e-01 3.362028e-02
2.270000e-01 8.376936e-01 -3.479198e+00 2.351232e-01 3.997334e-02
2.280000e-01 8.342019e-01 -3.504119e+00 2.351662e-01 4.581306e-02
2.290000e-01 8.306855e-01 -3.528625e+00 2.352147e-01 5.115249e-02
2.300000e-01 8.271448e-01 -3.552719e+00 2.352683e-01 5.600475e-02
2.310000e-01 8.235802e-01 -3.576400e+00 2.353265e-01 6.038299e-02
2.320000e-01 8.199921e-01 -3.599672e+00 2.353889e-01 6.430038e-02
2.330000e-01 8.163810e-01 -3.622535e+00 2.354550e-01 6.777015e-02
2.340000e-01 8.127472e-01 -3.644991e+00 2.355243e-01 7.080551e-02
2.350000e-01 8.090911e-01 -3.667042e+00 2.355965e-01 7.341971e-02
2.360000e-01 8.054132e-01 -3.688689e+00 2.356710e-01 7.562599e-02
2.370000e-01 8.017139e-01 -3.709933e+00 2.357476e-01 7.743759e-02
2.380000e-01 7.979935e-01 -3.730776e+00 2.358258e-01 7.886776e-02
2.390000e-01 7.942525e-01 -3.751220e+00 2.359052e-01 7.992972e-02
2.400000e-01 7.904912e-01 -3.771265e+00 2.359855e-01 8.063667e-02
2.410000e-01 7.867101e-01 -3.790915e+00 2.360664e-01 8.100180e-02
2.420000e-01 7.829095e-01 -3.810169e+00 2.361474e-01 8.103827e-02
2.430000e-01 7.790899e-01 -3.829031e+00 2.362283e-01 8.075917e-02
2.440000e-01 7.752516e-01 -3.847500e+00 2.363088e-01 8.017759e-02
2.450000e-01 7.713950e-01 -3.865579e+00 2.363886e-01 7.930655e-02
2.460000e-01 7.675205e-01 -3.883270e+00 2.364673e-01 7.815903e-02
2.470000e-01 7.636286e-01 -3.900573e+00 2.365448e-01 7.674794e-02
2.480000e-01 7.597195e-01 -3.917491e+00 2.366208e-01 7.508613e-02
2.490000e-01 7.557937e-01 -3.934024e+00 2.366949e-01 7.318639e-02
2.500000e-01 7.518516e-01 -3.950175e+00 2.367671e-01 7.106144e-02
2.510000e-01 7.478935e-01 -3.965944e+00 2.368370e-01 6.872390e-02
2.520000e-01 7.439198e-01 -3.981334e+00 2.369044e-01 6.618635e-02
2.530000e-01 7.399310e-01 -3.996346e+00 2.369693e-01 6.346124e-02
2.540000e-01 7.359273e-01 -4.010982e+00 2.370313e-01 6.056095e-02
2.550000e-01 7.319091e-01 -4.025242e+00 2.370903e-01 5.749778e-02
2.560000e-01 7.278769e-01 -4.039129e+00 2.371462e-01 5.428391e-02
2.570000e-01 7.238310e-01 -4.052644e+00 2.371989e-01 5.093142e-02
2.580000e-01 7.197717e-01 -4.065788e+00 2.372481e-01 4.745229e-02
2.590000e-01 7.156995e-01 -4.078563e+00 2.372937e-01 4.385840e-02
2.600000e-01 7.116147e-01 -4.090972e+00 2.373357e-01 4.016150e-02
2.610000e-01 7.075177e-01 -4.103014e+00 2.373740e-01 3.637322e-02
2.620000e-01 7.034088e-01 -4.114692e+00 2.374085e-01 3.250509e-02
2.630000e-01 6.992885e-01 -4.126006e+00 2.374390e-01 2.856850e-02
2.640000e-01 6.951569e-01 -4.136960e+00 2.374656e-01 2.457471e-02
2.650000e-01 6.910147e-01 -4.147554e+00 2.374881e-01 2.053487e-02
2.660000e-01 6.868620e-01 -4.157790e+00 2.375066e-01 1.645998e-02
2.670000e-01 6.826992e-01 -4.167669e+00 2.375211e-01 1.236090e-02
2.680000e-01 6.785267e-01 -4.177192e+00 2.375314e-01 8.248375e-03
2.690000e-01 6.743449e-01 -4.186362e+00 2.375376e-01 4.132980e-03
2.700000e-01 6.701541e-01 -4.195180e+00 2.375396e-01 2.516412e-05
2.710000e-01 6.659547e-01 -4.203647e+00 2.375376e-01 -4.064777e-03
2.720000e-01 6.617469e-01 -4.211765e+00 2.375315e-01 -8.126696e-03
2.730000e-01 6.575313e-01 -4.219536e+00 2.375214e-01 -1.215059e-02
2.740000e-01 6.533080e-01 -4.226960e+00 2.375072e-01 -1.612663e-02
2.750000e-01 6.490775e-01 -4.234040e+00 2.374891e-01 -2.004512e-02
2.760000e-01 6.448400e-01 -4.240777e+00 2.374672e-01 -2.389653e-02
2.770000e-01 6.405960e-01 -4.247172e+00 2.374414e-01 -2.767149e-02
2.780000e-01 6.363458e-01 -4.253228e+00 2.374118e-01 -3.136080e-02
2.790000e-01 6.320897e-01 -4.258945e+00 2.373787e-01 -3.495542e-02
2.800000e-01 6.278280e-01 -4.264325e+00 2.373420e-01 -3.844645e-02
2.810000e-01 6.235611e-01 -4.269370e+00 2.373018e-01 -4.182520e-02
2.820000e-01 6.192894e-01 -4.274080e+00 2.372584e-01 -4.508312e-02
2.830000e-01 6.150131e-01 -4.278459e+00 2.372117e-01 -4.821184e-02
2.840000e-01 6.107326e-01 -4.282506e+00 2.371620e-01 -5.120316e-02
2.850000e-01 6.064482e-01 -4.286225e+00 2.371093e-01 -5.404904e-02
2.860000e-01 6.021602e-01 -4.289615e+00 2.370539e-01 -5.674163e-02
2.870000e-01 5.978691e-01 -4.292680e+00 2.369959e-01 -5.927326e-02
2.880000e-01 5.935750e-01 -4.295419e+00 2.369354e-01 -6.163642e-02
2.890000e-01 5.892783e-01 -4.297836e+00 2.368727e-01 -6.382378e-02
2.900000e-01 5.849794e-01 -4.299930e+00 2.368079e-01 -6.582819e-02
2.910000e-01 5.806786e-01 -4.301705e+00 2.367411e-01 -6.764269e-02
2.920000e-01 5.763761e-01 -4.303161e+00 2.366726e-01 -6.926048e-02
2.930000e-01 5.720724e-01 -4.304300e+00 2.366026e-01 -7.067495e-02
2.940000e-01 5.677676e-01 -4.305123e+00 2.365314e-01 -7.187968e-02
2.950000e-01 5.634622e-01 -4.305633e+00 2.364590e-01 -7.286842e-02
2.960000e-01 5.591565e-01 -4.305829e+00 2.363857e-01 -7.363511e-02
2.970000e-01 5.548507e-01 -4.305715e+00 2.363118e-01 -7.417385e-02
2.980000e-01 5.505451e-01 -4.305291e+00 2.362374e-01 -7.447895e-02
2.990000e-01 5.462402e-01 -4.304560e+00 2.361629e-01 -7.454490e-02
3.000000e-01 5.419361e-01 -4.303521e+00 2.360884e-01 -7.436635e-02
3.010000e-01 5.376332e-01 -4.302178e+00 2.360142e-01 -7.393817e-02
3.020000e-01 5.333319e-01 -4.300532e+00 2.359406e-01 -7.325538e-02
3.030000e-01 5.290323e-01 -4.298584e+00 2.358678e-01 -7.231319e-02
3.040000e-01 5.247348e-01 -4.296335e+00 2.357961e-01 -7.110702e-02
3.050000e-01 5.204397e-01 -4.293788e+00 2.357257e-01 -6.963244e-02
3.060000e-01 5.161473e-01 -4.290943e+00 2.356569e-01 -6.788522e-02
3.070000e-01 5.118579e-01 -4.287803e+00 2.355900e-01 -6.586131e-02
3.080000e-01 5.075718e-01 -4.284368e+00 2.355253e-01 -6.355685e-02
3.090000e-01 5.032893e-01 -4.280641e+00 2.354630e-01 -6.096814e-02
3.100000e-01 4.990106e-01 -4.276622e+00 2.354034e-01 -5.809169e-02
3.110000e-01 4.947361e-01 -4.272314e+00 2.353469e-01 -5.492418e-02
3.120000e-01 4.904661e-01 -4.267718e+00 2.352937e-01 -5.146246e-02
3.130000e-01 4.862008e-01 -4.262835e+00 2.352441e-01 -4.770358e-02
3.140000e-01 4.819405e-01 -4.257667e+00 2.351984e-01 -4.364476e-02
3.150000e-01 4.776856e-01 -4.252215e+00 2.351569e-01 -3.928340e-02
3.160000e-01 4.734362e-01 -4.246482e+00 2.351199e-01 -3.461707e-02
3.170000e-01 4.691927e-01 -4.240467e+00 2.350878e-01 -2.964354e-02
3.180000e-01 4.649553e-01 -4.234174e+00 2.350607e-01 -2.436073e-02
3.190000e-01 4.607244e-01 -4.227604e+00 2.350391e-01 -1.876677e-02
3.200000e-01 4.565002e-01 -4.220757e+00 2.350233e-01 -1.285993e-02
3.210000e-01 4.522830e-01 -4.213636e+00 2.350135e-01 -6.638668e-03
3.220000e-01 4.480731e-01 -4.206243e+00 2.350101e-01 -1.016272e-04
3.230000e-01 4.438706e-01 -4.198577e+00 2.350134e-01 6.752390e-03
3.240000e-01 4.396760e-01 -4.190642e+00 2.350237e-01 1.392441e-02
3.250000e-01 4.354894e-01 -4.182439e+00 2.350414e-01 2.141527e-02
3.260000e-01 4.313112e-01 -4.173969e+00 2.350667e-01 2.922568e-02
3.270000e-01 4.271416e-01 -4.165234e+00 2.350999e-01 3.735613e-02
3.280000e-01 4.229808e-01 -4.156235e+00 2.351415e-01 4.580699e-02
3.290000e-01 4.188292e-01 -4.146973e+00 2.351917e-01 5.457843e-02
3.300000e-01 4.146870e-01 -4.137451e+00 2.352508e-01 6.367047e-02
3.310000e-01 4.105544e-01 -4.127670e+00 2.353191e-01 7.308298e-02
3.320000e-01 4.064317e-01 -4.117631e+00 2.353970e-01 8.281564e-02
3.330000e-01 4.023192e-01 -4.107336e+00 2.354848e-01 9.286799e-02
3.340000e-01 3.982171e-01 -4.096787e+00 2.355829e-01 1.032394e-01
3.350000e-01 3.941257e-01 -4.085984e+00 2.356914e-01 1.139291e-01
3.360000e-01 3.900452e-01 -4.074930e+00 2.358108e-01 1.249362e-01
3.370000e-01 3.859759e-01 -4.063626e+00 2.359414e-01 1.362595e-01
3.380000e-01 3.819181e-01 -4.052073e+00 2.360835e-01 1.478979e-01
3.390000e-01 3.778719e-01 -4.040274e+00 2.362373e-01 1.598499e-01
3.400000e-01 3.738376e-01 -4.028229e+00 2.364033e-01 1.721140e-01
3.410000e-01 3.698155e-01 -4.015940e+00 2.365816e-01 1.846886e-01
3.420000e-01 3.658058e-01 -4.003408e+00 2.367727e-01 1.975717e-01
3.430000e-01 3.618088e-01 -3.990636e+00 2.369769e-01 2.107614e-01
3.440000e-01 3.578246e-01 -3.977624e+00 2.371944e-01 2.242555e-01
3.450000e-01 3.538536e-01 -3.964375e+00 2.374255e-01 2.380520e-01
3.460000e-01 3.498959e-01 -3.950889e+00 2.376706e-01 2.521482e-01
3.470000e-01 3.459519e-01 -3.937169e+00 2.379299e-01 2.665418e-01
3.480000e-01 3.420217e-01 -3.923215e+00 2.382038e-01 2.812299e-01
3.490000e-01 3.381055e-01 -3.909029e+00 2.384925e-01 2.962100e-01
3.500000e-01 3.342037e-01 -3.894614e+00 2.387963e-01 3.114789e-01
3.510000e-01 3.303164e-01 -3.879969e+00 2.391155e-01 3.270337e-01
3.520000e-01 3.264438e-01 -3.865098e+00 2.394504e-01 3.428711e-01
3.530000e-01 3.225863e-01 -3.850001e+00 2.398013e-01 3.589879e-01
3.540000e-01 3.187439e-01 -3.834679e+00 2.401685e-01 3.753806e-01
3.550000e-01 3.149170e-01 -3.819136e+00 2.405522e-01 3.920456e-01
3.560000e-01 3.111057e-01 -3.803371e+00 2.409527e-01 4.089794e-01
3.570000e-01 3.073103e-01 -3.787386e+00 2.413702e-01 4.261781e-01
3.580000e-01 3.035310e-01 -3.771184e+00 2.418051e-01 4.436377e-01
3.590000e-01 2.997680e-01 -3.754765e+00 2.422576e-01 4.613544e-01
3.600000e-01 2.960215e-01 -3.738131e+00 2.427279e-01 4.793239e-01
3.610000e-01 2.922918e-01 -3.721284e+00 2.432163e-01 4.975420e-01
3.620000e-01 2.885791e-01 -3.704225e+00 2.437231e-01 5.160045e-01
3.630000e-01 2.848834e-01 -3.686955e+00 2.442484e-01 5.347068e-01
3.640000e-01 2.812052e-01 -3.669477e+00 2.447926e-01 5.536444e-01
3.650000e-01 2.775446e-01 -3.651791e+00 2.453558e-01 5.728126e-01
3.660000e-01 2.739017e-01 -3.633899e+00 2.459383e-01 5.922068e-01
3.670000e-01 2.702768e-01 -3.615804e+00 2.465403e-01 6.118220e-01
3.680000e-01 2.666702e-01 -3.597505e+00 2.471620e-01 6.316535e-01
3.690000e-01 2.630819e-01 -3.579005e+00 2.478037e-01 6.516960e-01
3.700000e-01 2.595122e-01 -3.560306e+00 2.484655e-01 6.719446e-01
3.710000e-01 2.559613e-01 -3.541408e+00 2.491476e-01 6.923941e-01
3.720000e-01 2.524295e-01 -3.522313e+00 2.498503e-01 7.130391e-01
3.730000e-01 2.489168e-01 -3.503024e+00 2.505737e-01 7.338743e-01
3.740000e-01 2.454235e-01 -3.483541e+00 2.513181e-01 7.548943e-01
3.750000e-01 2.419498e-01 -3.463866e+00 2.520836e-01 7.760935e-01
3.760000e-01 2.384958e-01 -3.444000e+00 2.528704e-01 7.974665e-01
3.770000e-01 2.350618e-01 -3.423945e+00 2.536786e-01 8.190074e-01
3.780000e-01 2.316480e-01 -3.403703e+00 2.545084e-01 8.407107e-01
3.790000e-01 2.282545e-01 -3.383274e+00 2.553601e-01 8.625704e-01
3.800000e-01 2.248815e-01 -3.362661e+00 2.562336e-01 8.845808e-01
3.810000e-01 2.215292e-01 -3.341866e+00 2.571293e-01 9.067359e-01
3.820000e-01 2.181978e-01 -3.320888e+00 2.580471e-01 9.290297e-01
3.830000e-01 2.148875e-01 -3.299731e+00 2.589874e-01 9.514562e-01
3.840000e-01 2.115984e-01 -3.278396e+00 2.599501e-01 9.740093e-01
3.850000e-01 2.083308e-01 -3.256884e+00 2.609354e-01 9.966828e-01
3.860000e-01 2.050847e-01 -3.235196e+00 2.619435e-01 1.019471e+00
3.870000e-01 2.018604e-01 -3.213335e+00 2.629744e-01 1.042366e+00
3.880000e-01 1.986581e-01 -3.191301e+00 2.640283e-01 1.065364e+00
3.890000e-01 1.954779e-01 -3.169097e+00 2.651052e-01 1.088457e+00
3.900000e-01 1.923200e-01 -3.146723e+00 2.662052e-01 1.111638e+00
3.910000e-01 1.891845e-01 -3.124182e+00 2.673285e-01 1.134903e+00
3.920000e-01 1.860717e-01 -3.101474e+00 2.684750e-01 1.158243e+00
3.930000e-01 1.829816e-01 -3.078602e+00 2.696450e-01 1.181653e+00
3.940000e-01 1.799145e-01 -3.055567e+00 2.708384e-01 1.205126e+00
3.950000e-01 1.768705e-01 -3.032370e+00 2.720553e-01 1.228656e+00
3.960000e-01 1.738498e-01 -3.009013e+00 2.732957e-01 1.252235e+00
3.970000e-01 1.708526e-01 -2.985498e+00 2.745597e-01 1.275858e+00
3.980000e-01 1.678789e-01 -2.961825e+00 2.758474e-01 1.299518e+00
3.990000e-01 1.649290e-01 -2.937997e+00 2.771588e-01 1.323207e+00
4.000000e-01 1.620029e-01 -2.914015e+00 2.784938e-01 1.346920e+00
4.010000e-01 1.591010e-01 -2.889881e+00 2.798526e-01 1.370650e+00
4.020000e-01 1.562232e-01 -2.865595e+00 2.812351e-01 1.394389e+00
4.030000e-01 1.533698e-01 -2.841161e+00 2.826414e-01 1.418132e+00
4.040000e-01 1.505410e-01 -2.816578e+00 2.840714e-01 1.441871e+00
4.050000e-01 1.477367e-01 -2.791849e+00 2.855251e-01 1.465601e+00
4.060000e-01 1.449573e-01 -2.766975e+00 2.870026e-01 1.489313e+00
4.070000e-01 1.422028e-01 -2.741958e+00 2.885038e-01 1.513002e+00
4.080000e-01 1.394734e-01 -2.716799e+00 2.900286e-01 1.536660e+00
4.090000e-01 1.367693e-01 -2.691500e+00 2.915771e-01 1.560281e+00
4.100000e-01 1.340905e-01 -2.666062e+00 2.931491e-01 1.583858e+00
4.110000e-01 1.314372e-01 -2.640487e+00 2.947448e-01 1.607385e+00
4.120000e-01 1.288096e-01 -2.614776e+00 2.963639e-01 1.630854e+00
4.130000e-01 1.262077e-01 -2.588931e+00 2.980065e-01 1.654260e+00
4.140000e-01 1.236317e-01 -2.562954e+00 2.996724e-01 1.677594e+00
4.150000e-01 1.210818e-01 -2.536845e+00 3.013616e-01 1.700851e+00
4.160000e-01 1.185581e-01 -2.510607e+00 3.030741e-01 1.724025e+00
4.170000e-01 1.160607e-01 -2.484241e+00 3.048096e-01 1.747107e+00
4.180000e-01 1.135896e-01 -2.457748e+00 3.065682e-01 1.770093e+00
4.190000e-01 1.111452e-01 -2.431130e+00 3.083498e-01 1.792974e+00
4.200000e-01 1.087274e-01 -2.404389e+00 3.101542e-01 1.815745e+00
4.210000e-01 1.063365e-01 -2.377525e+00 3.119812e-01 1.838399e+00
4.220000e-01 1.039724e-01 -2.350541e+00 3.138309e-01 1.860929e+00
4.230000e-01 1.016354e-01 -2.323439e+00 3.157031e-01 1.883329e+00
4.240000e-01 9.932558e-02 -2.296219e+00 3.175975e-01 1.905593e+00
4.250000e-01 9.704302e-02 -2.268883e+00 3.195142e-01 1.927714e+00
4.260000e-01 9.478785e-02 -2.241433e+00 3.214529e-01 1.949686e+00
4.270000e-01 9.256019e-02 -2.213870e+00 3.234135e-01 1.971502e+00
4.280000e-01 9.036015e-02 -2.186195e+00 3.253959e-01 1.993156e+00
4.290000e-01 8.818784e-02 -2.158411e+00 3.273998e-01 2.014642e+00
4.300000e-01 8.604337e-02 -2.130519e+00 3.294251e-01 2.035953e+00
4.310000e-01 8.392684e-02 -2.102520e+00 3.314716e-01 2.057084e+00
4.320000e-01 8.183836e-02 -2.074416e+00 3.335392e-01 2.078029e+00
4.330000e-01 7.977804e-02 -2.046208e+00 3.356276e-01 2.098781e+00
4.340000e-01 7.774598e-02 -2.017898e+00 3.377367e-01 2.119334e+00
4.350000e-01 7.574228e-02 -1.989487e+00 3.398662e-01 2.139682e+00
4.360000e-01 7.376704e-02 -1.960977e+00 3.420160e-01 2.159820e+00
4.370000e-01 7.182036e-02 -1.932370e+00 3.441858e-01 2.179741e+00
4.380000e-01 6.990233e-02 -1.903666e+00 3.463754e-01 2.199440e+00
4.390000e-01 6.801306e-02 -1.874869e+00 3.485846e-01 2.218912e+00
4.400000e-01 6.615263e-02 -1.845978e+00 3.508131e-01 2.238149e+00
4.410000e-01 6.432113e-02 -1.816995e+00 3.530608e-01 2.257148e+00
4.420000e-01 6.251867e-02 -1.787923e+00 3.553273e-01 2.275902e+00
4.430000e-01 6.074532e-02 -1.758762e+00 3.576125e-01 2.294405e+00
4.440000e-01 5.900117e-02 -1.729515e+00 3.599161e-01 2.312653e+00
4.450000e-01 5.728631e-02 -1.700182e+00 3.622377e-01 2.330641e+00
4.460000e-01 5.560083e-02 -1.670765e+00 3.645773e-01 2.348362e+00
4.470000e-01 5.394481e-02 -1.641266e+00 3.669344e-01 2.365811e+00
4.480000e-01 5.231833e-02 -1.611686e+00 3.693088e-01 2.382985e+00
4.490000e-01 5.072147e-02 -1.582026e+00 3.717002e-01 2.399877e+00
4.500000e-01 4.915430e-02 -1.552289e+00 3.741085e-01 2.416483e+00
4.510000e-01 4.761691e-02 -1.522476e+00 3.765331e-01 2.432797e+00
4.520000e-01 4.610938e-02 -1.492588e+00 3.789739e-01 2.448816e+00
4.530000e-01 4.463176e-02 -1.462627e+00 3.814306e-01 2.464533e+00
4.540000e-01 4.318415e-02 -1.432594e+00 3.839029e-01 2.479946e+00
4.550000e-01 4.176660e-02 -1.402491e+00 3.863904e-01 2.495049e+00
4.560000e-01 4.037919e-02 -1.372320e+00 3.888929e-01 2.509837e+00
4.570000e-01 3.902198e-02 -1.342081e+00 3.914100e-01 2.524307e+00
4.580000e-01 3.769504e-02 -1.311777e+00 3.939414e-01 2.538454e+00
4.590000e-01 3.639845e-02 -1.281409e+00 3.964868e-01 2.552274e+00
4.600000e-01 3.513225e-02 -1.250979e+00 3.990458e-01 2.565763e+00
4.610000e-01 3.389651e-02 -1.220487e+00 4.016182e-01 2.578916e+00
4.620000e-01 3.269129e-02 -1.189936e+00 4.042036e-01 2.591731e+00
4.630000e-01 3.151666e-02 -1.159327e+00 4.068016e-01 2.604203e+00
4.640000e-01 3.037266e-02 -1.128661e+00 4.094119e-01 2.616328e+00
4.650000e-01 2.925935e-02 -1.097941e+00 4.120341e-01 2.628103e+00
4.660000e-01 2.817679e-02 -1.067167e+00 4.146679e-01 2.639525e+00
4.670000e-01 2.712504e-02 -1.036342e+00 4.173130e-01 2.650589e+00
4.680000e-01 2.610413e-02 -1.005466e+00 4.199690e-01 2.661293e+00
4.690000e-01 2.511412e-02 -9.745415e-01 4.226355e-01 2.671634e+00
4.700000e-01 2.415506e-02 -9.435697e-01 4.253122e-01 2.681608e+00
4.710000e-01 2.322700e-02 -9.125521e-01 4.279986e-01 2.691212e+00
4.720000e-01 2.232997e-02 -8.814903e-01 4.306945e-01 2.700444e+00
4.730000e-01 2.146403e-02 -8.503858e-01 4.333994e-01 2.709300e+00
4.740000e-01 2.062921e-02 -8.192402e-01 4.361129e-01 2.717779e+00
4.750000e-01 1.982556e-02 -7.880549e-01 4.388348e-01 2.725877e+00
4.760000e-01 1.905312e-02 -7.568315e-01 4.415646e-01 2.733591e+00
4.770000e-01 1.831191e-02 -7.255715e-01 4.443018e-01 2.740920e+00
4.780000e-01 1.760198e-02 -6.942765e-01 4.470463e-01 2.747862e+00
4.790000e-01 1.692337e-02 -6.629479e-01 4.497974e-01 2.754413e+00
4.800000e-01 1.627610e-02 -6.315873e-01 4.525550e-01 2.760573e+00
4.810000e-01 1.566020e-02 -6.001962e-01 4.553184e-01 2.766339e+00
4.820000e-01 1.507572e-02 -5.687762e-01 4.580875e-01 2.771709e+00
4.830000e-01 1.452266e-02 -5.373287e-01 4.608617e-01 2.776682e+00
4.840000e-01 1.400107e-02 -5.058553e-01 4.636407e-01 2.781256e+00
4.850000e-01 1.351096e-02 -4.743574e-01 4.664241e-01 2.785429e+00
4.860000e-01 1.305236e-02 -4.428368e-01 4.692115e-01 2.789201e+00
4.870000e-01 1.262529e-02 -4.112948e-01 4.720024e-01 2.792570e+00
4.880000e-01 1.222978e-02 -3.797329e-01 4.747965e-01 2.795534e+00
4.890000e-01 1.186583e-02 -3.481528e-01 4.775933e-01 2.798093e+00
4.900000e-01 1.153348e-02 -3.165559e-01 4.803925e-01 2.800246e+00
4.910000e-01 1.123273e-02 -2.849438e-01 4.831937e-01 2.801992e+00
4.920000e-01 1.096359e-02 -2.533179e-01 4.859964e-01 2.803330e+00
4.930000e-01 1.072609e-02 -2.216798e-01 4.888002e-01 2.804260e+00
4.940000e-01 1.052024e-02 -1.900311e-01 4.916047e-01 2.804782e+00
4.950000e-01 1.034604e-02 -1.583732e-01 4.944096e-01 2.804894e+00
4.960000e-01 1.020349e-02 -1.267077e-01 4.972144e-01 2.804598e+00
4.970000e-01 1.009262e-02 -9.503614e-02 5.000187e-01 2.803891e+00
4.980000e-01 1.001342e-02 -6.335997e-02 5.028220e-01 2.802776e+00
4.990000e-01 9.965903e-03 -3.168074e-02 5.056241e-01 2.801251e+00
5.000000e-01 9.950062e-03 0.000000e+00 5.084244e-01 2.799318e+00
5.010000e-01 9.965903e-03 3.168074e-02 5.112226e-01 2.796975e+00
5.020000e-01 1.001342e-02 6.335997e-02 5.140182e-01 2.794225e+00
5.030000e-01 1.009262e-02 9.503614e-02 5.168109e-01 2.791067e+00
5.040000e-01 1.020349e-02 1.267077e-01 5.196002e-01 2.787502e+00
5.050000e-01 1.034604e-02 1.583732e-01 5.223858e-01 2.783531e+00
5.060000e-01 1.052024e-02 1.900311e-01 5.251672e-01 2.779155e+00
5.070000e-01 1.072609e-02 2.216798e-01 5.279440e-01 2.774374e+00
5.080000e-01 1.096359e-02 2.533179e-01 5.307158e-01 2.769191e+00
5.090000e-01 1.123273e-02 2.849438e-01 5.334822e-01 2.763606e+00
5.100000e-01 1.153348e-02 3.165559e-01 5.362428e-01 2.757621e+00
5.110000e-01 1.186583e-02 3.481528e-01 5.389973e-01 2.751237e+00
5.120000e-01 1.222978e-02 3.797329e-01 5.417452e-01 2.744456e+00
5.130000e-01 1.262529e-02 4.112948e-01 5.444861e-01 2.737280e+00
5.140000e-01 1.305236e-02 4.428368e-01 5.472196e-01 2.729709e+00
5.150000e-01 1.351096e-02 4.743574e-01 5.499454e-01 2.721748e+00
5.160000e-01 1.400107e-02 5.058553e-01 5.526630e-01 2.713396e+00
5.170000e-01 1.452266e-02 5.373287e-01 5.553720e-01 2.704658e+00
5.180000e-01 1.507572e-02 5.687762e-01 5.580722e-01 2.695534e+00
5.190000e-01 1.566020e-02 6.001962e-01 5.607630e-01 2.686027e+00
5.200000e-01 1.627610e-02 6.315873e-01 5.634441e-01 2.676140e+00
5.210000e-01 1.692337e-02 6.629479e-01 5.661151e-01 2.665876e+00
5.220000e-01 1.760198e-02 6.942765e-01 5.687757e-01 2.655237e+00
5.230000e-01 1.831191e-02 7.255715e-01 5.714255e-01 2.644225e+00
5.240000e-01 1.905312e-02 7.568315e-01 5.740640e-01 2.632845e+00
5.250000e-01 1.982556e-02 7.880549e-01 5.766911e-01 2.621098e+00
5.260000e-01 2.062921e-02 8.192402e-01 5.793061e-01 2.608988e+00
5.270000e-01 2.146403e-02 8.503858e-01 5.819089e-01 2.596519e+00
5.280000e-01 2.232997e-02 8.814903e-01 5.844990e-01 2.583693e+00
5.290000e-01 2.322700e-02 9.125521e-01 5.870762e-01 2.570515e+00
5.300000e-01 2.415506e-02 9.435697e-01 5.896400e-01 2.556987e+00
5.310000e-01 2.511412e-02 9.745415e-01 5.921900e-01 2.543114e+00
5.320000e-01 2.610413e-02 1.005466e+00 5.947261e-01 2.528898e+00
5.330000e-01 2.712504e-02 1.036342e+00 5.972477e-01 2.514345e+00
5.340000e-01 2.817679e-02 1.067167e+00 5.997546e-01 2.499457e+00
5.350000e-01 2.925935e-02 1.097941e+00 6.022465e-01 2.484239e+00
5.360000e-01 3.037266e-02 1.128661e+00 6.047230e-01 2.468696e+00
5.370000e-01 3.151666e-02 1.159327e+00 6.071838e-01 2.452830e+00
5.380000e-01 3.269129e-02 1.189936e+00 6.096286e-01 2.436648e+00
5.390000e-01 3.389651e-02 1.220487e+00 6.120570e-01 2.420152e+00
5.400000e-01 3.513225e-02 1.250979e+00 6.144688e-01 2.403348e+00
5.410000e-01 3.639845e-02 1.281409e+00 6.168636e-01 2.386241e+00
5.420000e-01 3.769504e-02 1.311777e+00 6.192412e-01 2.368834e+00
5.430000e-01 3.902198e-02 1.342081e+00 6.216012e-01 2.351133e+00
5.440000e-01 4.037919e-02 1.372320e+00 6.239433e-01 2.333142e+00
5.450000e-01 4.176660e-02 1.402491e+00 6.262674e-01 2.314867e+00
5.460000e-01 4.318415e-02 1.432594e+00 6.285730e-01 2.296313e+00
5.470000e-01 4.463176e-02 1.462627e+00 6.308599e-01 2.277484e+00
5.480000e-01 4.610938e-02 1.492588e+00 6.331278e-01 2.258386e+00
5.490000e-01 4.761691e-02 1.522476e+00 6.353766e-01 2.239024e+00
5.500000e-01 4.915430e-02 1.552289e+00 6.376058e-01 2.219404e+00
5.510000e-01 5.072147e-02 1.582026e+00 6.398153e-01 2.199530e+00
5.520000e-01 5.231833e-02 1.611686e+00 6.420048e-01 2.179409e+00
5.530000e-01 5.394481e-02 1.641266e+00 6.441740e-01 2.159046e+00
5.540000e-01 5.560083e-02 1.670765e+00 6.463228e-01 2.138447e+00
5.550000e-01 5.728631e-02 1.700182e+00 6.484508e-01 2.117617e+00
5.560000e-01 5.900117e-02 1.729515e+00 6.505580e-01 2.096562e+00
5.570000e-01 6.074532e-02 1.758762e+00 6.526439e-01 2.075288e+00
5.580000e-01 6.251867e-02 1.787923e+00 6.547085e-01 2.053801e+00
5.590000e-01 6.432113e-02 1.816995e+00 6.567514e-01 2.032108e+00
5.600000e-01 6.615263e-02 1.845978e+00 6.587726e-01 2.010213e+00
5.610000e-01 6.801306e-02 1.874869e+00 6.607718e-01 1.988123e+00
5.620000e-01 6.990233e-02 1.903666e+00 6.627488e-01 1.965844e+00
5.630000e-01 7.182036e-02 1.932370e+00 6.647034e-01 1.943383e+00
5.640000e-01 7.376704e-02 1.960977e+00 6.666355e-01 1.920746e+00
5.650000e-01 7.574228e-02 1.989487e+00 6.685449e-01 1.897938e+00
5.660000e-01 7.774598e-02 2.017898e+00 6.704313e-01 1.874968e+00
5.670000e-01 7.977804e-02 2.046208e+00 6.722947e-01 1.851840e+00
5.680000e-01 8.183836e-02 2.074416e+00 6.741350e-01 1.828561e+00
5.690000e-01 8.392684e-02 2.102520e+00 6.759518e-01 1.805138e+00
5.700000e-01 8.604337e-02 2.130519e+00 6.777452e-01 1.781578e+00
5.710000e-01 8.818784e-02 2.158411e+00 6.795149e-01 1.757887e+00
5.720000e-01 9.036015e-02 2.186195e+00 6.812609e-01 1.734071e+00
5.730000e-01 9.256019e-02 2.213870e+00 6.829830e-01 1.710138e+00
5.740000e-01 9.478785e-02 2.241433e+00 6.846812e-01 1.686094e+00
5.750000e-01 9.704302e-02 2.268883e+00 6.863552e-01 1.661946e+00
5.760000e-01 9.932558e-02 2.296219e+00 6.880050e-01 1.637701e+00
5.770000e-01 1.016354e-01 2.323439e+00 6.896306e-01 1.613365e+00
5.780000e-01 1.039724e-01 2.350541e+00 6.912317e-01 1.588945e+00
5.790000e-01 1.063365e-01 2.377525e+00 6.928084e-01 1.564449e+00
5.800000e-01 1.087274e-01 2.404389e+00 6.943606e-01 1.539883e+00
5.810000e-01 1.111452e-01 2.431130e+00 6.958882e-01 1.515253e+00
5.820000e-01 1.135896e-01 2.457748e+00 6.973911e-01 1.490568e+00
5.830000e-01 1.160607e-01 2.484241e+00 6.988693e-01 1.465833e+00
5.840000e-01 1.185581e-01 2.510607e+00 7.003227e-01 1.441057e+00
5.850000e-01 1.210818e-01 2.536845e+00 7.017514e-01 1.416245e+00
5.860000e-01 1.236317e-01 2.562954e+00 7.031552e-01 1.391405e+00
5.870000e-01 1.262077e-01 2.588931e+00 7.045342e-01 1.366544e+00
5.880000e-01 1.288096e-01 2.614776e+00 7.058883e-01 1.341669e+00
5.890000e-01 1.314372e-01 2.640487e+00 7.072175e-01 1.316786e+00
5.900000e-01 1.340905e-01 2.666062e+00 7.085219e-01 1.291904e+00
5.910000e-01 1.367693e-01 2.691500e+00 7.098013e-01 1.267028e+00
5.920000e-01 1.394734e-01 2.716799e+00 7.110559e-01 1.242167e+00
5.930000e-01 1.422028e-01 2.741958e+00 7.122857e-01 1.217326e+00
5.940000e-01 1.449573e-01 2.766975e+00 7.134906e-01 1.192513e+00
5.950000e-01 1.477367e-01 2.791849e+00 7.146707e-01 1.167735e+00
5.960000e-01 1.505410e-01 2.816578e+00 7.158261e-01 1.142998e+00
5.970000e-01 1.533698e-01 2.841161e+00 7.169567e-01 1.118311e+00
5.980000e-01 1.562232e-01 2.865595e+00 7.180627e-01 1.093679e+00
5.990000e-01 1.591010e-01 2.889881e+00 7.191441e-01 1.069111e+00
6.000000e-01 1.620029e-01 2.914015e+00 7.202010e-01 1.044611e+00
6.010000e-01 1.649290e-01 2.937997e+00 7.212334e-01 1.020189e+00
6.020000e-01 1.678789e-01 2.961825e+00 7.222414e-01 9.958492e-01
6.030000e-01 1.708526e-01 2.985498e+00 7.232251e-01 9.715999e-01
6.040000e-01 1.738498e-01 3.009013e+00 7.241846e-01 9.474477e-01
6.050000e-01 1.768705e-01 3.032370e+00 7.251200e-01 9.233992e-01
6.060000e-01 1.799145e-01 3.055567e+00 7.260314e-01 8.994613e-01
6.070000e-01 1.829816e-01 3.078602e+00 7.269190e-01 8.756405e-01
6.080000e-01 1.860717e-01 3.101474e+00 7.277828e-01 8.519436e-01
6.090000e-01 1.891845e-01 3.124182e+00 7.286229e-01 8.283771e-01
6.100000e-01 1.923200e-01 3.146723e+00 7.294396e-01 8.049477e-01
6.110000e-01 1.954779e-01 3.169097e+00 7.302328e-01 7.816618e-01
6.120000e-01 1.986581e-01 3.191301e+00 7.310029e-01 7.585260e-01
6.130000e-01 2.018604e-01 3.213335e+00 7.317500e-01 7.355466e-01
6.140000e-01 2.050847e-01 3.235196e+00 7.324741e-01 7.127301e-01
6.150000e-01 2.083308e-01 3.256884e+00 7.331755e-01 6.900827e-01
6.160000e-01 2.115984e-01 3.278396e+00 7.338543e-01 6.676107e-01
6.170000e-01 2.148875e-01 3.299731e+00 7.345108e-01 6.453203e-01
6.180000e-01 2.181978e-01 3.320888e+00 7.351450e-01 6.232176e-01
6.190000e-01 2.215292e-01 3.341866e+00 7.357572e-01 6.013086e-01
6.200000e-01 2.248815e-01 3.362661e+00 7.363477e-01 5.795995e-01
6.210000e-01 2.282545e-01 3.383274e+00 7.369165e-01 5.580960e-01
6.220000e-01 2.316480e-01 3.403703e+00 7.374639e-01 5.368041e-01
6.230000e-01 2.350618e-01 3.423945e+00 7.379902e-01 5.157296e-01
6.240000e-01 2.384958e-01 3.444000e+00 7.384955e-01 4.948780e-01
6.250000e-01 2.419498e-01 3.463866e+00 7.389800e-01 4.742552e-01
6.260000e-01 2.454235e-01 3.483541e+00 7.394441e-01 4.538665e-01
6.270000e-01 2.489168e-01 3.503024e+00 7.398878e-01 4.337174e-01
6.280000e-01 2.524295e-01 3.522313e+00 7.403116e-01 4.138133e-01
6.290000e-01 2.559613e-01 3.541408e+00 7.407156e-01 3.941595e-01
6.300000e-01 2.595122e-01 3.560306e+00 7.411000e-01 3.747612e-01
6.310000e-01 2.630819e-01 3.579005e+00 7.414652e-01 3.556234e-01
6.320000e-01 2.666702e-01 3.597505e+00 7.418113e-01 3.367511e-01
6.330000e-01 2.702768e-01 3.615804e+00 7.421388e-01 3.181493e-01
6.340000e-01 2.739017e-01 3.633899e+00 7.424477e-01 2.998227e-01
6.350000e-01 2.775446e-01 3.651791e+00 7.427385e-01 2.817760e-01
6.360000e-01 2.812052e-01 3.669477e+00 7.430114e-01 2.640139e-01
6.370000e-01 2.848834e-01 3.686955e+00 7.432666e-01 2.465407e-01
6.380000e-01 2.885791e-01 3.704225e+00 7.435045e-01 2.293608e-01
6.390000e-01 2.922918e-01 3.721284e+00 7.437254e-01 2.124786e-01
6.400000e-01 2.960215e-01 3.738131e+00 7.439296e-01 1.958980e-01
6.410000e-01 2.997680e-01 3.754765e+00 7.441173e-01 1.796233e-01
6.420000e-01 3.035310e-01 3.771184e+00 7.442890e-01 1.636582e-01
6.430000e-01 3.073103e-01 3.787386e+00 7.444448e-01 1.480066e-01
6.440000e-01 3.111057e-01 3.803371e+00 7.445851e-01 1.326720e-01
6.450000e-01 3.149170e-01 3.819136e+00 7.447102e-01 1.176582e-01
6.460000e-01 3.187439e-01 3.834679e+00 7.448205e-01 1.029683e-01
6.470000e-01 3.225863e-01 3.850001e+00 7.449163e-01 8.860586e-02
6.480000e-01 3.264438e-01 3.865098e+00 7.449978e-01 7.457386e-02
6.490000e-01 3.303164e-01 3.879969e+00 7.450655e-01 6.087535e-02
6.500000e-01 3.342037e-01 3.894614e+00 7.451197e-01 4.751322e-02
6.510000e-01 3.381055e-01 3.909029e+00 7.451607e-01 3.449021e-02
6.520000e-01 3.420217e-01 3.923215e+00 7.451888e-01 2.180891e-02
6.530000e-01 3.459519e-01 3.937169e+00 7.452044e-01 9.471797e-03
6.540000e-01 3.498959e-01 3.950889e+00 7.452078e-01 -2.518824e-03
6.550000e-01 3.538536e-01 3.964375e+00 7.451995e-01 -1.416078e-02
6.560000e-01 3.578246e-01 3.977624e+00 7.451796e-01 -2.545204e-02
6.570000e-01 3.618088e-01 3.990636e+00 7.451487e-01 -3.639073e-02
6.580000e-01 3.658058e-01 4.003408e+00 7.451070e-01 -4.697514e-02
6.590000e-01 3.698155e-01 4.015940e+00 7.450548e-01 -5.720367e-02
6.600000e-01 3.738376e-01 4.028229e+00 7.449927e-01 -6.707493e-02
6.610000e-01 3.778719e-01 4.040274e+00 7.449208e-01 -7.658764e-02
6.620000e-01 3.819181e-01 4.052073e+00 7.448396e-01 -8.574070e-02
6.630000e-01 3.859759e-01 4.063626e+00 7.447495e-01 -9.453317e-02
6.640000e-01 3.900452e-01 4.074930e+00 7.446507e-01 -1.029643e-01
6.650000e-01 3.941257e-01 4.085984e+00 7.445436e-01 -1.110334e-01
6.660000e-01 3.982171e-01 4.096787e+00 7.444287e-01 -1.187400e-01
6.670000e-01 4.023192e-01 4.107336e+00 7.443063e-01 -1.260839e-01
6.680000e-01 4.064317e-01 4.117631e+00 7.441767e-01 -1.330649e-01
6.690000e-01 4.105544e-01 4.127670e+00 7.440403e-01 -1.396832e-01
6.700000e-01 4.146870e-01 4.137451e+00 7.438974e-01 -1.459388e-01
6.710000e-01 4.188292e-01 4.146973e+00 7.437485e-01 -1.518322e-01
6.720000e-01 4.229808e-01 4.156235e+00 7.435939e-01 -1.573639e-01
6.730000e-01 4.271416e-01 4.165234e+00 7.434339e-01 -1.625347e-01
6.740000e-01 4.313112e-01 4.173969e+00 7.432689e-01 -1.673455e-01
6.750000e-01 4.354894e-01 4.182439e+00 7.430993e-01 -1.717974e-01
6.760000e-01 4.396760e-01 4.190642e+00 7.429255e-01 -1.758916e-01
6.770000e-01 4.438706e-01 4.198577e+00 7.427477e-01 -1.796296e-01
6.780000e-01 4.480731e-01 4.206243e+00 7.425663e-01 -1.830131e-01
6.790000e-01 4.522830e-01 4.213636e+00 7.423818e-01 -1.860437e-01
6.800000e-01 4.565002e-01 4.220757e+00 7.421944e-01 -1.887236e-01
6.810000e-01 4.607244e-01 4.227604e+00 7.420044e-01 -1.910548e-01
6.820000e-01 4.649553e-01 4.234174e+00 7.418124e-01 -1.930398e-01
6.830000e-01 4.691927e-01 4.240467e+00 7.416185e-01 -1.946810e-01
6.840000e-01 4.734362e-01 4.246482e+00 7.414231e-01 -1.959813e-01
6.850000e-01 4.776856e-01 4.252215e+00 7.412266e-01 -1.969435e-01
6.860000e-01 4.819405e-01 4.257667e+00 7.410293e-01 -1.975707e-01
6.870000e-01 4.862008e-01 4.262835e+00 7.408316e-01 -1.978663e-01
6.880000e-01 4.904661e-01 4.267718e+00 7.406337e-01 -1.978336e-01
6.890000e-01 4.947361e-01 4.272314e+00 7.404360e-01 -1.974764e-01
6.900000e-01 4.990106e-01 4.276622e+00 7.402389e-01 -1.967985e-01
6.910000e-01 5.032893e-01 4.280641e+00 7.400425e-01 -1.958040e-01
6.920000e-01 5.075718e-01 4.284368e+00 7.398474e-01 -1.944972e-01
6.930000e-01 5.118579e-01 4.287803e+00 7.396536e-01 -1.928824e-01
6.940000e-01 5.161473e-01 4.290943e+00 7.394617e-01 -1.909642e-01
6.950000e-01 5.204397e-01 4.293788e+00 7.392718e-01 -1.887476e-01
6.960000e-01 5.247348e-01 4.296335e+00 7.390843e-01 -1.862374e-01
6.970000e-01 5.290323e-01 4.298584e+00 7.388994e-01 -1.834390e-01
6.980000e-01 5.333319e-01 4.300532e+00 7.387175e-01 -1.803576e-01
6.990000e-01 5.376332e-01 4.302178e+00 7.385388e-01 -1.769989e-01
7.000000e-01 5.419361e-01 4.303521e+00 7.383636e-01 -1.733687e-01
7.010000e-01 5.462402e-01 4.304560e+00 7.381922e-01 -1.694729e-01
7.020000e-01 5.505451e-01 4.305291e+00 7.380248e-01 -1.653177e-01
7.030000e-01 5.548507e-01 4.305715e+00 7.378616e-01 -1.609094e-01
7.040000e-01 5.591565e-01 4.305829e+00 7.377030e-01 -1.562546e-01
7.050000e-01 5.634622e-01 4.305633e+00 7.375492e-01 -1.513601e-01
7.060000e-01 5.677676e-01 4.305123e+00 7.374004e-01 -1.462326e-01
7.070000e-01 5.720724e-01 4.304300e+00 7.372568e-01 -1.408795e-01
7.080000e-01 5.763761e-01 4.303161e+00 7.371187e-01 -1.353079e-01
7.090000e-01 5.806786e-01 4.301705e+00 7.369863e-01 -1.295253e-01
7.100000e-01 5.849794e-01 4.299930e+00 7.368597e-01 -1.235395e-01
7.110000e-01 5.892783e-01 4.297836e+00 7.367392e-01 -1.173583e-01
7.120000e-01 5.935750e-01 4.295419e+00 7.366251e-01 -1.109898e-01
7.130000e-01 5.978691e-01 4.292680e+00 7.365173e-01 -1.044421e-01
7.140000e-01 6.021602e-01 4.289615e+00 7.364162e-01 -9.772383e-02
7.150000e-01 6.064482e-01 4.286225e+00 7.363219e-01 -9.084347e-02
7.160000e-01 6.107326e-01 4.282506e+00 7.362346e-01 -8.380983e-02
7.170000e-01 6.150131e-01 4.278459e+00 7.361544e-01 -7.663190e-02
7.180000e-01 6.192894e-01 4.274080e+00 7.360814e-01 -6.931882e-02
7.190000e-01 6.235611e-01 4.269370e+00 7.360158e-01 -6.187991e-02
7.200000e-01 6.278280e-01 4.264325e+00 7.359576e-01 -5.432469e-02
7.210000e-01 6.320897e-01 4.258945e+00 7.359071e-01 -4.666283e-02
7.220000e-01 6.363458e-01 4.253228e+00 7.358644e-01 -3.890419e-02
7.230000e-01 6.405960e-01 4.247172e+00 7.358294e-01 -3.105879e-02
7.240000e-01 6.448400e-01 4.240777e+00 7.358023e-01 -2.313682e-02
7.250000e-01 6.490775e-01 4.234040e+00 7.357831e-01 -1.514865e-02
7.260000e-01 6.533080e-01 4.226960e+00 7.357720e-01 -7.104799e-03
7.270000e-01 6.575313e-01 4.219536e+00 7.357689e-01 9.840357e-04
7.280000e-01 6.617469e-01 4.211765e+00 7.357740e-01 9.107005e-03
7.290000e-01 6.659547e-01 4.203647e+00 7.357871e-01 1.725310e-02
7.300000e-01 6.701541e-01 4.195180e+00 7.358085e-01 2.541115e-02
7.310000e-01 6.743449e-01 4.186362e+00 7.358380e-01 3.356983e-02
7.320000e-01 6.785267e-01 4.177192e+00 7.358756e-01 4.171768e-02
7.330000e-01 6.826992e-01 4.167669e+00 7.359214e-01 4.984307e-02
7.340000e-01 6.868620e-01 4.157790e+00 7.359753e-01 5.793423e-02
7.350000e-01 6.910147e-01 4.147554e+00 7.360372e-01 6.597925e-02
7.360000e-01 6.951569e-01 4.136960e+00 7.361072e-01 7.396609e-02
7.370000e-01 6.992885e-01 4.126006e+00 7.361852e-01 8.188255e-02
7.380000e-01 7.034088e-01 4.114692e+00 7.362710e-01 8.971632e-02
7.390000e-01 7.075177e-01 4.103014e+00 7.363646e-01 9.745493e-02
7.400000e-01 7.116147e-01 4.090972e+00 7.364658e-01 1.050858e-01
7.410000e-01 7.156995e-01 4.078563e+00 7.365747e-01 1.125963e-01
7.420000e-01 7.197717e-01 4.065788e+00 7.366910e-01 1.199735e-01
7.430000e-01 7.238310e-01 4.052644e+00 7.368146e-01 1.272045e-01
7.440000e-01 7.278769e-01 4.039129e+00 7.369453e-01 1.342762e-01
7.450000e-01 7.319091e-01 4.025242e+00 7.370831e-01 1.411756e-01
7.460000e-01 7.359273e-01 4.010982e+00 7.372276e-01 1.478893e-01
7.470000e-01 7.399310e-01 3.996346e+00 7.373788e-01 1.544039e-01
7.480000e-01 7.439198e-01 3.981334e+00 7.375364e-01 1.607060e-01
7.490000e-01 7.478935e-01 3.965944e+00 7.377001e-01 1.667821e-01
7.500000e-01 7.518516e-01 3.950175e+00 7.378698e-01 1.726185e-01
7.510000e-01 7.557937e-01 3.934024e+00 7.380453e-01 1.782015e-01
7.520000e-01 7.597195e-01 3.917491e+00 7.382262e-01 1.835172e-01
7.530000e-01 7.636286e-01 3.900573e+00 7.384122e-01 1.885519e-01
7.540000e-01 7.675205e-01 3.883270e+00 7.386032e-01 1.932915e-01
7.550000e-01 7.713950e-01 3.865579e+00 7.387987e-01 1.977221e-01
7.560000e-01 7.752516e-01 3.847500e+00 7.389985e-01 2.018296e-01
7.570000e-01 7.790899e-01 3.829031e+00 7.392022e-01 2.055998e-01
7.580000e-01 7.829095e-01 3.810169e+00 7.394096e-01 2.090187e-01
7.590000e-01 7.867101e-01 3.790915e+00 7.396202e-01 2.120720e-01
7.600000e-01 7.904912e-01 3.771265e+00 7.398336e-01 2.147454e-01
7.610000e-01 7.942525e-01 3.751220e+00 7.400495e-01 2.170248e-01
7.620000e-01 7.979935e-01 3.730776e+00 7.402675e-01 2.188957e-01
7.630000e-01 8.017139e-01 3.709933e+00 7.404872e-01 2.203440e-01
7.640000e-01 8.054132e-01 3.688689e+00 7.407081e-01 2.213552e-01
7.650000e-01 8.090911e-01 3.667042e+00 7.409297e-01 2.219151e-01
7.660000e-01 8.127472e-01 3.644991e+00 7.411517e-01 2.220093e-01
7.670000e-01 8.163810e-01 3.622535e+00 7.413736e-01 2.216235e-01
7.680000e-01 8.199921e-01 3.599672e+00 7.415948e-01 2.207434e-01
7.690000e-01 8.235802e-01 3.576400e+00 7.418149e-01 2.193547e-01
7.700000e-01 8.271448e-01 3.552719e+00 7.420334e-01 2.174432e-01
7.710000e-01 8.306855e-01 3.528625e+00 7.422496e-01 2.149947e-01
7.720000e-01 8.342019e-01 3.504119e+00 7.424632e-01 2.119949e-01
7.730000e-01 8.376936e-01 3.479198e+00 7.426734e-01 2.084297e-01
7.740000e-01 8.411602e-01 3.453860e+00 7.428798e-01 2.042852e-01
7.750000e-01 8.446012e-01 3.428105e+00 7.430818e-01 1.995472e-01
7.760000e-01 8.480162e-01 3.401931e+00 7.432787e-01 1.942020e-01
7.770000e-01 8.514049e-01 3.375335e+00 7.434700e-01 1.882355e-01
7.780000e-01 8.547668e-01 3.348318e+00 7.436550e-01 1.816341e-01
7.790000e-01 8.581014e-01 3.320877e+00 7.438330e-01 1.743842e-01
7.800000e-01 8.614084e-01 3.293010e+00 7.440035e-01 1.664722e-01
7.810000e-01 8.646873e-01 3.264717e+00 7.441658e-01 1.578846e-01
7.820000e-01 8.679377e-01 3.235995e+00 7.443191e-01 1.486081e-01
7.830000e-01 8.711591e-01 3.206843e+00 7.444627e-01 1.386297e-01
7.840000e-01 8.743512e-01 3.177260e+00 7.445961e-01 1.279362e-01
7.850000e-01 8.775135e-01 3.147244e+00 7.447184e-01 1.165148e-01
7.860000e-01 8.806455e-01 3.116793e+00 7.448289e-01 1.043529e-01
7.870000e-01 8.837469e-01 3.085907e+00 7.449268e-01 9.143773e-02
7.880000e-01 8.868172e-01 3.054583e+00 7.450115e-01 7.775709e-02
7.890000e-01 8.898559e-01 3.022819e+00 7.450821e-01 6.329878e-02
7.900000e-01 8.928627e-01 2.990616e+00 7.451378e-01 4.805085e-02
7.910000e-01 8.958370e-01 2.957970e+00 7.451779e-01 3.200153e-02
7.920000e-01 8.987785e-01 2.924880e+00 7.452016e-01 1.513931e-02
7.930000e-01 9.016866e-01 2.891345e+00 7.452079e-01 -2.547113e-03
7.940000e-01 9.045610e-01 2.857364e+00 7.451962e-01 -2.106878e-02
7.950000e-01 9.074012e-01 2.822935e+00 7.451655e-01 -4.043650e-02
7.960000e-01 9.102068e-01 2.788055e+00 7.451150e-01 -6.066079e-02
7.970000e-01 9.129772e-01 2.752725e+00 7.450439e-01 -8.175190e-02
7.980000e-01 9.157121e-01 2.716941e+00 7.449512e-01 -1.037198e-01
7.990000e-01 9.184109e-01 2.680704e+00 7.448362e-01 -1.265741e-01
8.000000e-01 9.210733e-01 2.644010e+00 7.446978e-01 -1.503243e-01
8.010000e-01 9.236988e-01 2.606859e+00 7.445352e-01 -1.749792e-01
8.020000e-01 9.262869e-01 2.569250e+00 7.443475e-01 -2.005476e-01
8.030000e-01 9.288371e-01 2.531180e+00 7.441338e-01 -2.270379e-01
8.040000e-01 9.313491e-01 2.492648e+00 7.438931e-01 -2.544580e-01
8.050000e-01 9.338223e-01 2.453652e+00 7.436246e-01 -2.828155e-01
8.060000e-01 9.362562e-01 2.414192e+00 7.433272e-01 -3.121176e-01
8.070000e-01 9.386505e-01 2.374265e+00 7.430000e-01 -3.423711e-01
8.080000e-01 9.410046e-01 2.333870e+00 7.426421e-01 -3.735824e-01
8.090000e-01 9.433181e-01 2.293005e+00 7.422525e-01 -4.057575e-01
8.100000e-01 9.455905e-01 2.251670e+00 7.418303e-01 -4.389020e-01
8.110000e-01 9.478213e-01 2.209861e+00 7.413744e-01 -4.730207e-01
8.120000e-01 9.500100e-01 2.167579e+00 7.408839e-01 -5.081185e-01
8.130000e-01 9.521563e-01 2.124821e+00 7.403578e-01 -5.441993e-01
8.140000e-01 9.542595e-01 2.081586e+00 7.397952e-01 -5.812669e-01
8.150000e-01 9.563193e-01 2.037872e+00 7.391950e-01 -6.193242e-01
8.160000e-01 9.583351e-01 1.993678e+00 7.385562e-01 -6.583738e-01
8.170000e-01 9.603065e-01 1.949002e+00 7.378779e-01 -6.984179e-01
8.180000e-01 9.622329e-01 1.903843e+00 7.371590e-01 -7.394578e-01
8.190000e-01 9.641140e-01 1.858199e+00 7.363987e-01 -7.814944e-01
8.200000e-01 9.659492e-01 1.812069e+00 7.355957e-01 -8.245281e-01
8.210000e-01 9.677380e-01 1.765451e+00 7.347493e-01 -8.685584e-01
8.220000e-01 9.694799e-01 1.718344e+00 7.338583e-01 -9.135846e-01
8.230000e-01 9.711745e-01 1.670745e+00 7.329218e-01 -9.596050e-01
8.240000e-01 9.728212e-01 1.622655e+00 7.319387e-01 -1.006617e+00
8.250000e-01 9.744196e-01 1.574070e+00 7.309082e-01 -1.054619e+00
8.260000e-01 9.759692e-01 1.524990e+00 7.298292e-01 -1.103606e+00
8.270000e-01 9.774694e-01 1.475413e+00 7.287007e-01 -1.153574e+00
8.280000e-01 9.789199e-01 1.425337e+00 7.275217e-01 -1.204518e+00
8.290000e-01 9.803200e-01 1.374762e+00 7.262913e-01 -1.256433e+00
8.300000e-01 9.816692e-01 1.323684e+00 7.250085e-01 -1.309312e+00
8.310000e-01 9.829672e-01 1.272104e+00 7.236724e-01 -1.363147e+00
8.320000e-01 9.842133e-01 1.220019e+00 7.222819e-01 -1.417930e+00
8.330000e-01 9.854070e-01 1.167428e+00 7.208362e-01 -1.473654e+00
8.340000e-01 9.865479e-01 1.114329e+00 7.193343e-01 -1.530307e+00
8.350000e-01 9.876355e-01 1.060721e+00 7.177753e-01 -1.587879e+00
8.360000e-01 9.886692e-01 1.006603e+00 7.161582e-01 -1.646358e+00
8.370000e-01 9.896485e-01 9.519720e-01 7.144822e-01 -1.705733e+00
8.380000e-01 9.905730e-01 8.968274e-01 7.127465e-01 -1.765990e+00
8.390000e-01 9.914420e-01 8.411675e-01 7.109500e-01 -1.827115e+00
8.400000e-01 9.922552e-01 7.849908e-01 7.090919e-01 -1.889092e+00
8.410000e-01 9.930118e-01 7.282958e-01 7.071715e-01 -1.951906e+00
8.420000e-01 9.937116e-01 6.710809e-01 7.051879e-01 -2.015538e+00
8.430000e-01 9.943538e-01 6.133446e-01 7.031402e-01 -2.079972e+00
8.440000e-01 9.949381e-01 5.550855e-01 7.010277e-01 -2.145188e+00
8.450000e-01 9.954638e-01 4.963019e-01 6.988495e-01 -2.211165e+00
8.460000e-01 9.959305e-01 4.369923e-01 6.966051e-01 -2.277883e+00
8.470000e-01 9.963376e-01 3.771553e-01 6.942935e-01 -2.345318e+00
8.480000e-01 9.966847e-01 3.167892e-01 6.919142e-01 -2.413448e+00
8.490000e-01 9.969710e-01 2.558926e-01 6.894664e-01 -2.482247e+00
8.500000e-01 9.971963e-01 1.944640e-01 6.869495e-01 -2.551689e+00
8.510000e-01 9.973598e-01 1.325018e-01 6.843628e-01 -2.621748e+00
8.520000e-01 9.974611e-01 7.000450e-02 6.817058e-01 -2.692395e+00
8.530000e-01 9.974996e-01 6.970560e-03 6.789779e-01 -2.763601e+00
8.540000e-01 9.974748e-01 -5.660153e-02 6.761784e-01 -2.835334e+00
8.550000e-01 9.973862e-01 -1.207133e-01 6.733070e-01 -2.907563e+00
8.560000e-01 9.972332e-01 -1.853663e-01 6.703632e-01 -2.980254e+00
8.570000e-01 9.970153e-01 -2.505619e-01 6.673464e-01 -3.053373e+00
8.580000e-01 9.967319e-01 -3.163019e-01 6.642563e-01 -3.126883e+00
8.590000e-01 9.963825e-01 -3.825876e-01 6.610925e-01 -3.200747e+00
8.600000e-01 9.959666e-01 -4.494206e-01 6.578547e-01 -3.274925e+00
8.610000e-01 9.954835e-01 -5.168024e-01 6.545426e-01 -3.349378e+00
8.620000e-01 9.949328e-01 -5.847346e-01 6.511558e-01 -3.424064e+00
8.630000e-01 9.943139e-01 -6.532187e-01 6.476944e-01 -3.498939e+00
8.640000e-01 9.936262e-01 -7.222561e-01 6.441579e-01 -3.573959e+00
8.650000e-01 9.928692e-01 -7.918485e-01 6.405464e-01 -3.649076e+00
8.660000e-01 9.920423e-01 -8.619973e-01 6.368598e-01 -3.724244e+00
8.670000e-01 9.911450e-01 -9.327041e-01 6.330979e-01 -3.799412e+00
8.680000e-01 9.901767e-01 -1.003970e+00 6.292609e-01 -3.874530e+00
8.690000e-01 9.891369e-01 -1.075798e+00 6.253489e-01 -3.949544e+00
8.700000e-01 9.880249e-01 -1.148188e+00 6.213619e-01 -4.024399e+00
8.710000e-01 9.868403e-01 -1.221141e+00 6.173002e-01 -4.099041e+00
8.720000e-01 9.855824e-01 -1.294661e+00 6.131639e-01 -4.173410e+00
8.730000e-01 9.842508e-01 -1.368748e+00 6.089535e-01 -4.247447e+00
8.740000e-01 9.828447e-01 -1.443403e+00 6.046692e-01 -4.321090e+00
8.750000e-01 9.813638e-01 -1.518628e+00 6.003114e-01 -4.394276e+00
8.760000e-01 9.798073e-01 -1.594425e+00 5.958808e-01 -4.466940e+00
8.770000e-01 9.781747e-01 -1.670796e+00 5.913777e-01 -4.539014e+00
8.780000e-01 9.764655e-01 -1.747741e+00 5.868030e-01 -4.610430e+00
8.790000e-01 9.746791e-01 -1.825262e+00 5.821571e-01 -4.681115e+00
8.800000e-01 9.728148e-01 -1.903361e+00 5.774410e-01 -4.750998e+00
8.810000e-01 9.708722e-01 -1.982040e+00 5.726554e-01 -4.820004e+00
8.820000e-01 9.688505e-01 -2.061299e+00 5.678013e-01 -4.888054e+00
8.830000e-01 9.667494e-01 -2.141141e+00 5.628797e-01 -4.955070e+00
8.840000e-01 9.645681e-01 -2.221566e+00 5.578915e-01 -5.020971e+00
8.850000e-01 9.623060e-01 -2.302577e+00 5.528381e-01 -5.085674e+00
8.860000e-01 9.599627e-01 -2.384175e+00 5.477206e-01 -5.149091e+00
8.870000e-01 9.575375e-01 -2.466361e+00 5.425404e-01 -5.211137e+00
8.880000e-01 9.550298e-01 -2.549138e+00 5.372988e-01 -5.271720e+00
8.890000e-01 9.524390e-01 -2.632506e+00 5.319975e-01 -5.330749e+00
8.900000e-01 9.497646e-01 -2.716466e+00 5.266379e-01 -5.388128e+00
8.910000e-01 9.470059e-01 -2.801022e+00 5.212218e-01 -5.443761e+00
8.920000e-01 9.441623e-01 -2.886173e+00 5.157510e-01 -5.497548e+00
8.930000e-01 9.412333e-01 -2.971922e+00 5.102274e-01 -5.549387e+00
8.940000e-01 9.382183e-01 -3.058271e+00 5.046529e-01 -5.599174e+00
8.950000e-01 9.351166e-01 -3.145220e+00 4.990297e-01 -5.646803e+00
8.960000e-01 9.319276e-01 -3.232771e+00 4.933600e-01 -5.692163e+00
8.970000e-01 9.286509e-01 -3.320926e+00 4.876462e-01 -5.735143e+00
8.980000e-01 9.252856e-01 -3.409686e+00 4.818906e-01 -5.775629e+00
8.990000e-01 9.218313e-01 -3.499052e+00 4.760958e-01 -5.813504e+00
9.000000e-01 9.182873e-01 -3.589027e+00 4.702645e-01 -5.848646e+00
9.010000e-01 9.146530e-01 -3.679612e+00 4.643995e-01 -5.880935e+00
9.020000e-01 9.109279e-01 -3.770808e+00 4.585036e-01 -5.910244e+00
9.030000e-01 9.071112e-01 -3.862617e+00 4.525800e-01 -5.936446e+00
9.040000e-01 9.032024e-01 -3.955041e+00 4.466318e-01 -5.959410e+00
9.050000e-01 8.992009e-01 -4.048080e+00 4.406623e-01 -5.979001e+00
9.060000e-01 8.951061e-01 -4.141737e+00 4.346750e-01 -5.995083e+00
9.070000e-01 8.909172e-01 -4.236013e+00 4.286734e-01 -6.007517e+00
9.080000e-01 8.866338e-01 -4.330909e+00 4.226612e-01 -6.016159e+00
9.090000e-01 8.822552e-01 -4.426427e+00 4.166424e-01 -6.020865e+00
9.100000e-01 8.777808e-01 -4.522569e+00 4.106208e-01 -6.021484e+00
9.110000e-01 8.732099e-01 -4.619335e+00 4.046008e-01 -6.017866e+00
9.120000e-01 8.685419e-01 -4.716729e+00 3.985866e-01 -6.009854e+00
9.130000e-01 8.637762e-01 -4.814750e+00 3.925826e-01 -5.997292e+00
9.140000e-01 8.589122e-01 -4.913401e+00 3.865936e-01 -5.980016e+00
9.150000e-01 8.539492e-01 -5.012683e+00 3.806242e-01 -5.957863e+00
9.160000e-01 8.488866e-01 -5.112598e+00 3.746795e-01 -5.930665e+00
9.170000e-01 8.437238e-01 -5.213147e+00 3.687646e-01 -5.898248e+00
9.180000e-01 8.384601e-01 -5.314332e+00 3.628848e-01 -5.860440e+00
9.190000e-01 8.330949e-01 -5.416154e+00 3.570456e-01 -5.817060e+00
9.200000e-01 8.276276e-01 -5.518615e+00 3.512526e-01 -5.767928e+00
9.210000e-01 8.220575e-01 -5.621716e+00 3.455117e-01 -5.712857e+00
9.220000e-01 8.163839e-01 -5.725459e+00 3.398289e-01 -5.651659e+00
9.230000e-01 8.106063e-01 -5.829845e+00 3.342105e-01 -5.584140e+00
9.240000e-01 8.047240e-01 -5.934876e+00 3.286628e-01 -5.510105e+00
9.250000e-01 7.987364e-01 -6.040554e+00 3.231925e-01 -5.429352e+00
9.260000e-01 7.926427e-01 -6.146879e+00 3.178064e-01 -5.341678e+00
9.270000e-01 7.864424e-01 -6.253854e+00 3.125116e-01 -5.246875e+00
9.280000e-01 7.801348e-01 -6.361480e+00 3.073151e-01 -5.144731e+00
9.290000e-01 7.737192e-01 -6.469758e+00 3.022246e-01 -5.035030e+00
9.300000e-01 7.671950e-01 -6.578690e+00 2.972477e-01 -4.917553e+00
9.310000e-01 7.605616e-01 -6.688278e+00 2.923922e-01 -4.792075e+00
9.320000e-01 7.538183e-01 -6.798523e+00 2.876663e-01 -4.658370e+00
9.330000e-01 7.469643e-01 -6.909427e+00 2.830782e-01 -4.516205e+00
9.340000e-01 7.399992e-01 -7.020990e+00 2.786367e-01 -4.365343e+00
9.350000e-01 7.329221e-01 -7.133215e+00 2.743505e-01 -4.205545e+00
9.360000e-01 7.257325e-01 -7.246104e+00 2.702287e-01 -4.036565e+00
9.370000e-01 7.184297e-01 -7.359657e+00 2.662806e-01 -3.858154e+00
9.380000e-01 7.110130e-01 -7.473876e+00 2.625156e-01 -3.670060e+00
9.390000e-01 7.034817e-01 -7.588763e+00 2.589437e-01 -3.472023e+00
9.400000e-01 6.958352e-01 -7.704320e+00 2.555750e-01 -3.263783e+00
9.410000e-01 6.880729e-01 -7.820547e+00 2.524197e-01 -3.045070e+00
9.420000e-01 6.801939e-01 -7.937446e+00 2.494884e-01 -2.815615e+00
9.430000e-01 6.721978e-01 -8.055019e+00 2.467921e-01 -2.575140e+00
9.440000e-01 6.640837e-01 -8.173268e+00 2.443419e-01 -2.323365e+00
9.450000e-01 6.558510e-01 -8.292194e+00 2.421492e-01 -2.060004e+00
9.460000e-01 6.474991e-01 -8.411797e+00 2.402259e-01 -1.784766e+00
9.470000e-01 6.390272e-01 -8.532081e+00 2.385838e-01 -1.497355e+00
9.480000e-01 6.304347e-01 -8.653046e+00 2.372353e-01 -1.197471e+00
9.490000e-01 6.217208e-01 -8.774695e+00 2.361931e-01 -8.848096e-01
9.500000e-01 6.128850e-01 -8.897027e+00 2.354701e-01 -5.590589e-01
9.510000e-01 6.039266e-01 -9.020046e+00 2.350794e-01 -2.199035e-01
9.520000e-01 5.948447e-01 -9.143753e+00 2.350348e-01 1.329774e-01
9.530000e-01 5.856388e-01 -9.268148e+00 2.353501e-01 4.999098e-01
9.540000e-01 5.763082e-01 -9.393234e+00 2.360394e-01 8.812252e-01
9.550000e-01 5.668521e-01 -9.519012e+00 2.371174e-01 1.277260e+00
9.560000e-01 5.572699e-01 -9.645484e+00 2.385990e-01 1.688358e+00
9.570000e-01 5.475609e-01 -9.772651e+00 2.404993e-01 2.114864e+00
9.580000e-01 5.377244e-01 -9.900515e+00 2.428340e-01 2.557134e+00
9.590000e-01 5.277597e-01 -1.002908e+01 2.456189e-01 3.015526e+00
9.600000e-01 5.176660e-01 -1.015834e+01 2.488705e-01 3.490403e+00
9.610000e-01 5.074428e-01 -1.028830e+01 2.526054e-01 3.982137e+00
9.620000e-01 4.970892e-01 -1.041897e+01 2.568405e-01 4.491104e+00
9.630000e-01 4.866046e-01 -1.055034e+01 2.615934e-01 5.017685e+00
9.640000e-01 4.759883e-01 -1.068241e+01 2.668819e-01 5.562268e+00
9.650000e-01 4.652395e-01 -1.081520e+01 2.727241e-01 6.125246e+00
9.660000e-01 4.543576e-01 -1.094869e+01 2.791386e-01 6.707021e+00
9.670000e-01 4.433419e-01 -1.108289e+01 2.861445e-01 7.307998e+00
9.680000e-01 4.321916e-01 -1.121781e+01 2.937612e-01 7.928588e+00
9.690000e-01 4.209061e-01 -1.135343e+01 3.020084e-01 8.569211e+00
9.700000e-01 4.094845e-01 -1.148978e+01 3.109064e-01 9.230291e+00
9.710000e-01 3.979263e-01 -1.162684e+01 3.204759e-01 9.912259e+00
9.720000e-01 3.862306e-01 -1.176461e+01 3.307380e-01 1.061555e+01
9.730000e-01 3.743968e-01 -1.190311e+01 3.417143e-01 1.134062e+01
9.740000e-01 3.624242e-01 -1.204233e+01 3.534267e-01 1.208790e+01
9.750000e-01 3.503119e-01 -1.218227e+01 3.658977e-01 1.285786e+01
9.760000e-01 3.380594e-01 -1.232293e+01 3.791501e-01 1.365097e+01
9.770000e-01 3.256658e-01 -1.246433e+01 3.932075e-01 1.446768e+01
9.780000e-01 3.131305e-01 -1.260644e+01 4.080935e-01 1.530849e+01
9.790000e-01 3.004527e-01 -1.274929e+01 4.238326e-01 1.617387e+01
9.800000e-01 2.876317e-01 -1.289287e+01 4.404496e-01 1.706432e+01
9.810000e-01 2.746667e-01 -1.303717e+01 4.579698e-01 1.798034e+01
9.820000e-01 2.615571e-01 -1.318222e+01 4.764190e-01 1.892243e+01
9.830000e-01 2.483020e-01 -1.332799e+01 4.958235e-01 1.989110e+01
9.840000e-01 2.349008e-01 -1.347451e+01 5.162102e-01 2.088688e+01
9.850000e-01 2.213528e-01 -1.362176e+01 5.376065e-01 2.191029e+01
9.860000e-01 2.076571e-01 -1.376975e+01 5.600402e-01 2.296187e+01
9.870000e-01 1.938130e-01 -1.391848e+01 5.835398e-01 2.404216e+01
9.880000e-01 1.798199e-01 -1.406795e+01 6.081343e-01 2.515172e+01
9.890000e-01 1.656769e-01 -1.421817e+01 6.338532e-01 2.629110e+01
9.900000e-01 1.513833e-01 -1.436913e+01 6.607266e-01 2.746086e+01
9.910000e-01 1.369384e-01 -1.452084e+01 6.887852e-01 2.866158e+01
9.920000e-01 1.223413e-01 -1.467330e+01 7.180603e-01 2.989385e+01
9.930000e-01 1.075915e-01 -1.482651e+01 7.485836e-01 3.115825e+01
9.940000e-01 9.268807e-02 -1.498047e+01 7.803877e-01 3.245538e+01
9.950000e-01 7.763031e-02 -1.513518e+01 8.135055e-01 3.378584e+01
9.960000e-01 6.241745e-02 -1.529065e+01 8.479707e-01 3.515026e+01
9.970000e-01 4.704875e-02 -1.544688e+01 8.838175e-01 3.654924e+01
9.980000e-01 3.152345e-02 -1.560386e+01 9.210809e-01 3.798344e+01
9.990000e-01 1.584079e-02 -1.576160e+01 9.597963e-01 3.945347e+01
