|      n      |      temps      |       ternes       |
         5000          0.227909                 9061
        10000          0.835298                59175
        15000          1.857633               193850
        20000          3.298643               496874
        25000          5.152970              1034862
        30000          7.429521              1857543
        35000         10.076584              3129929
        40000         12.847136              5083518
        45000         15.702377              7801585
        50000         18.294022             10760777
        55000         21.788857             13861552
        60000         26.372353             17285852
        65000         30.039474             21114773
        70000         34.865326             25569015
        75000         39.785721             30792906
        80000         44.990829             36656540
        85000         49.992432             42840604
        90000         55.832062             49528691
        95000         62.159302             56898500
       100000         70.326355             65184416
